# Number of parameters = 65 Objective function value = 199.882862051816  Maximum gradient component = 4.76874609541543e-05
# VHSV_age3_4_mort_93:
0.0940845635740
# ICH_age5_8_mort_93:
0.237075945636
# Z_0_8:
0.250000000000
# Z_9:
0.906459864577
# mat_par_1:
0.580888464339
# mat_par_2:
0.957414502340
# mat_par_3:
0.600000000000
# mat_par_4:
0.900000000000
# seine_vuln_alpha:
3.64591910186
# seine_vuln_beta:
2.89183660428
# survey_vuln_alpha:
4.00000000000
# survey_vuln_beta:
2.40000000000
# loginit_pop:
 5.59190826464 5.02376974533 5.43254857626 6.29485066392 5.41579963070
# eggdep_add_var:
0.400000000000
# logmdm_c:
5.92898294750
# milt_add_var:
0.370145884215
# ADFG_hydro_q:
-0.529254900967
# ADFG_hydro_add_var:
0.270621222471
# PWSSC_hydro_q:
-0.250319318197
# PWSSC_hydro_add_var:
0.348285565426
# log_juvenile_q:
4.22000000000
# juvenile_overdispersion:
1.00000000000
# annual_age0devs:
 0.741170905214 0.514136898098 -0.738090572085 -0.498978538169 1.70392960725 -0.528927843059 -2.26704091577 -2.15015682945 1.00513717345 -2.14100155815 -1.33644048485 -2.83755495051 -0.957826427494 -1.74634470755 -1.02671898415 -1.24983627301 -3.62504533123 -2.02105321123 -3.13791386850 0.0322587105626 -1.58432113822 -2.22254605508 -1.91955821492 -2.12168028374 -0.518882555529 -0.700728901127 -1.67094168002 -1.42895890688 -2.78822535636 -1.76919441750 -2.73701321284 -4.16311047547 -2.68962189142 -2.42602153138 -1.84069760674 -2.40940615530 -0.0835213609128 -1.63863403131 -1.86318499169 -0.891883729845 -0.512306019881 -1.37118030337 -0.985798125092 -1.97549446871
# log_MeanAge0:
6.20000000000
# sigma_age0devs:
0.00000000000
# beta_age0:
 0.00000000000
# beta_mortality:
 0.235152797607 0.615893862598 15.3129735198
# annual_mortdevs:
 0.00000000000 0.00000000000 0.00000000000 0.00000000000 0.00000000000 0.00000000000 0.00000000000 0.00000000000 0.00000000000 0.00000000000 0.00000000000 0.00000000000 0.00000000000 0.00000000000 0.00000000000 0.00000000000 0.00000000000 0.00000000000 0.00000000000 0.00000000000 0.00000000000 0.00000000000 0.00000000000 0.00000000000 0.00000000000 0.00000000000 0.00000000000 0.00000000000 0.00000000000 0.00000000000 0.00000000000 0.00000000000 0.00000000000 0.00000000000 0.00000000000 0.00000000000 0.00000000000 0.00000000000 0.00000000000 0.00000000000 0.00000000000 0.00000000000 0.00000000000 0.00000000000 0.00000000000
 0.00000000000 0.00000000000 0.00000000000 0.00000000000 0.00000000000 0.00000000000 0.00000000000 0.00000000000 0.00000000000 0.00000000000 0.00000000000 0.00000000000 0.00000000000 0.00000000000 0.00000000000 0.00000000000 0.00000000000 0.00000000000 0.00000000000 0.00000000000 0.00000000000 0.00000000000 0.00000000000 0.00000000000 0.00000000000 0.00000000000 0.00000000000 0.00000000000 0.00000000000 0.00000000000 0.00000000000 0.00000000000 0.00000000000 0.00000000000 0.00000000000 0.00000000000 0.00000000000 0.00000000000 0.00000000000 0.00000000000 0.00000000000 0.00000000000 0.00000000000 0.00000000000 0.00000000000
 0.00000000000 0.00000000000 0.00000000000 0.00000000000 0.00000000000 0.00000000000 0.00000000000 0.00000000000 0.00000000000 0.00000000000 0.00000000000 0.00000000000 0.00000000000 0.00000000000 0.00000000000 0.00000000000 0.00000000000 0.00000000000 0.00000000000 0.00000000000 0.00000000000 0.00000000000 0.00000000000 0.00000000000 0.00000000000 0.00000000000 0.00000000000 0.00000000000 0.00000000000 0.00000000000 0.00000000000 0.00000000000 0.00000000000 0.00000000000 0.00000000000 0.00000000000 0.00000000000 0.00000000000 0.00000000000 0.00000000000 0.00000000000 0.00000000000 0.00000000000 0.00000000000 0.00000000000
# sigma_mortdevs:
1.00000000000
# beta_age0_offset:
 0.00000000000
# beta_mortality_offset:
 0.00000000000 0.00000000000 0.00000000000
# sigma_age0covar:
 0.500000000000
# sigma_morcovar:
 0.500000000000 0.500000000000 0.500000000000
# vhsv_infection_prob:
 0.00000000000 0.00000000000 0.00000000000 0.00000000000 0.00000000000 0.00000000000 0.00000000000 0.00000000000 0.00000000000 0.00000000000 0.00000000000 0.00000000000 0.00000000000 0.00000000000 0.00000000000 0.00000000000
# vhsv_recovery_prob:
 0.00000000000 0.00000000000 0.00000000000 0.00000000000 0.00000000000 0.00000000000 0.00000000000 0.00000000000 0.00000000000 0.00000000000 0.00000000000 0.00000000000 0.00000000000 0.00000000000 0.00000000000 0.00000000000
# vhsv_infection_vuln_a50:
1.00000000000
# vhsv_infection_vuln_a95:
2.00000000000
# vhsv_sample_vuln_a50:
2.00000000000
# vhsv_sample_vuln_a95:
3.00000000000
# ich_infection_prob:
 0.00000000000 0.00000000000 0.00000000000 0.00000000000 0.00000000000 0.00000000000 0.00000000000 0.00000000000 0.00000000000 0.00000000000 0.00000000000 0.00000000000 0.00000000000 0.00000000000 0.00000000000 0.00000000000 0.00000000000 0.00000000000 0.00000000000 0.00000000000
# ich_recovery_prob:
 0.00000000000 0.00000000000 0.00000000000 0.00000000000 0.00000000000 0.00000000000 0.00000000000 0.00000000000 0.00000000000 0.00000000000 0.00000000000 0.00000000000 0.00000000000 0.00000000000 0.00000000000 0.00000000000 0.00000000000 0.00000000000 0.00000000000 0.00000000000
# ich_infection_vuln_a50:
1.00000000000
# ich_infection_vuln_a95:
2.00000000000
# ich_sample_vuln_a50:
2.00000000000
# ich_sample_vuln_a95:
3.00000000000
